0.18300329 0.3412017 0.39443636 0.43884683 0.22723965 0.51120776 0.051854342 0.62010276 0.8780439 0.9382865 output (0, 2) (1, 2) (1, 4) (2, 3)
0.88169986 0.38820308 0.013303377 0.8524838 0.5263551 0.49881572 0.33756116 0.52490366 0.12154641 0.6113614 output (0, 2) (1, 4) (2, 3) (3, 4)
0.81000537 0.05918473 0.46126294 0.5419085 0.2028952 0.020711957 0.3901344 0.8783737 0.70514375 0.51129967 output (0, 4) (1, 4) (1, 3) (1, 2)
0.4915045 0.45242527 0.35419858 0.73942834 0.9898159 0.029376147 0.8778238 0.63286775 0.3723465 0.5210676 output (0, 4) (0, 3) (1, 4) (2, 3)
0.6439463 0.1361159 0.9924044 0.21553464 0.3114593 0.9653054 0.6476457 0.19851281 0.39183137 0.86363596 output (0, 3) (1, 3) (2, 4) (3, 4)
0.43051323 0.35028663 0.55607736 0.644894 0.4389544 0.5427733 0.67215705 0.14574301 0.27404058 0.070854664 output (0, 2) (0, 3) (0, 4) (1, 2)
0.80009043 0.22273159 0.7016987 0.14811724 0.32844108 0.64350575 0.5682429 0.2433925 0.5860944 0.5174067 output (0, 1) (1, 3) (2, 4) (3, 4)
0.14820859 0.53155947 0.42452613 0.29395297 0.16873778 0.89428437 0.220182 0.41693014 0.86698693 0.54347086 output (0, 3) (0, 2) (1, 3) (1, 4)
0.16656779 0.9216551 0.30702674 0.40808636 0.6386193 0.3218026 0.38966727 0.4816794 0.42406696 0.77734005 output (0, 4) (1, 3) (2, 3) (3, 4)
0.38324073 0.8875028 0.7126883 0.5604272 0.52201724 0.78026414 0.41877326 0.20431067 0.10711218 0.57170343 output (0, 2) (0, 4) (1, 2) (1, 3)
